<?xml version="1.0"?>
<opencv_storage>
<imageSize>
  1500 1000</imageSize>
<imgSize>
  1500 1000</imgSize>
<cameraMatrix type_id="opencv-matrix">
  <rows>3</rows>
  <cols>3</cols>
  <dt>d</dt>
  <data>
    1.1482342873653122e+03 0. 6.3408132730111925e+02 0.
    1.1290896427560424e+03 5.5418957818866238e+02 0. 0. 1.</data></cameraMatrix>
<cmat type_id="opencv-matrix">
  <rows>3</rows>
  <cols>3</cols>
  <dt>d</dt>
  <data>
    1.1482342873653122e+03 0. 6.3408132730111925e+02 0.
    1.1290896427560424e+03 5.5418957818866238e+02 0. 0. 1.</data></cmat>
<fx>1.1482342873653122e+03</fx>
<fy>1.1290896427560424e+03</fy>
<cx>6.3408132730111925e+02</cx>
<cy>5.5418957818866238e+02</cy>
<distortionVector type_id="opencv-matrix">
  <rows>1</rows>
  <cols>12</cols>
  <dt>d</dt>
  <data>
    -1.7396209271655561e+00 2.8320485602949423e+00
    7.9505958595283699e-03 -4.3143408784616496e-03
    1.3886721789256228e+01 -1.4064986585863966e+00
    1.6114750886167530e+00 1.6366104800793259e+01 0. 0. 0. 0.</data></distortionVector>
<dvec type_id="opencv-matrix">
  <rows>1</rows>
  <cols>12</cols>
  <dt>d</dt>
  <data>
    -1.7396209271655561e+00 2.8320485602949423e+00
    7.9505958595283699e-03 -4.3143408784616496e-03
    1.3886721789256228e+01 -1.4064986585863966e+00
    1.6114750886167530e+00 1.6366104800793259e+01 0. 0. 0. 0.</data></dvec>
<rvec type_id="opencv-matrix">
  <rows>1</rows>
  <cols>3</cols>
  <dt>d</dt>
  <data>
    1.5497511364473062e+00 -1.7653268883416051e-01
    1.7066744156545979e-01</data></rvec>
<tvec type_id="opencv-matrix">
  <rows>1</rows>
  <cols>3</cols>
  <dt>d</dt>
  <data>
    -6.7099503180463216e+02 7.3177305299784359e+02
    2.0788685367564481e+03</data></tvec>
<R44 type_id="opencv-matrix">
  <rows>4</rows>
  <cols>4</cols>
  <dt>d</dt>
  <data>
    9.7555347208558374e-01 -2.1969919051599091e-01
    -5.2620137190902000e-03 -6.7099503180463216e+02
    -2.1616221615758935e-03 1.4349991917944758e-02
    -9.9989469701643352e-01 7.3177305299784359e+02
    2.1975156539008350e-01 9.7546211787981441e-01 1.3524277800851425e-02
    2.0788685367564481e+03 0. 0. 0. 1.</data></R44>
<r44 type_id="opencv-matrix">
  <rows>4</rows>
  <cols>4</cols>
  <dt>d</dt>
  <data>
    9.7555347208558374e-01 -2.1969919051599091e-01
    -5.2620137190902000e-03 -6.7099503180463216e+02
    -2.1616221615758935e-03 1.4349991917944758e-02
    -9.9989469701643352e-01 7.3177305299784359e+02
    2.1975156539008350e-01 9.7546211787981441e-01 1.3524277800851425e-02
    2.0788685367564481e+03 0. 0. 0. 1.</data></r44>
<CamPosition type_id="opencv-matrix">
  <rows>1</rows>
  <cols>3</cols>
  <dt>d</dt>
  <data>
    1.9933873468536819e+02 -2.1857755083821744e+03
    7.0005001444672837e+02</data></CamPosition>
<campos type_id="opencv-matrix">
  <rows>1</rows>
  <cols>3</cols>
  <dt>d</dt>
  <data>
    1.9933873468536819e+02 -2.1857755083821744e+03
    7.0005001444672837e+02</data></campos>
</opencv_storage>
