<?xml version="1.0"?>
<opencv_storage>
<imageSize>
  1500 1000</imageSize>
<imgSize>
  1500 1000</imgSize>
<cameraMatrix type_id="opencv-matrix">
  <rows>3</rows>
  <cols>3</cols>
  <dt>d</dt>
  <data>
    9.1978059379885156e+02 0. 9.4479392991012958e+02 0.
    9.7942562019412856e+02 6.3463714209535021e+02 0. 0. 1.</data></cameraMatrix>
<cmat type_id="opencv-matrix">
  <rows>3</rows>
  <cols>3</cols>
  <dt>d</dt>
  <data>
    9.1978059379885156e+02 0. 9.4479392991012958e+02 0.
    9.7942562019412856e+02 6.3463714209535021e+02 0. 0. 1.</data></cmat>
<fx>9.1978059379885156e+02</fx>
<fy>9.7942562019412856e+02</fy>
<cx>9.4479392991012958e+02</cx>
<cy>6.3463714209535021e+02</cy>
<distortionVector type_id="opencv-matrix">
  <rows>1</rows>
  <cols>12</cols>
  <dt>d</dt>
  <data>
    0. 0. 0. 0. 0. 0. 0. 0. -8.5594823670549394e-02
    1.1210945829851145e-01 1.7018711140245706e-02 4.9588041663121479e-03</data></distortionVector>
<dvec type_id="opencv-matrix">
  <rows>1</rows>
  <cols>12</cols>
  <dt>d</dt>
  <data>
    0. 0. 0. 0. 0. 0. 0. 0. -8.5594823670549394e-02
    1.1210945829851145e-01 1.7018711140245706e-02 4.9588041663121479e-03</data></dvec>
<rvec type_id="opencv-matrix">
  <rows>1</rows>
  <cols>3</cols>
  <dt>d</dt>
  <data>
    1.5502799982281759e+00 -1.8510361921663110e-01
    1.6559873958361690e-01</data></rvec>
<tvec type_id="opencv-matrix">
  <rows>1</rows>
  <cols>3</cols>
  <dt>d</dt>
  <data>
    -1.3277497468146441e+03 5.6045171898154672e+02
    1.8561541118640746e+03</data></tvec>
<R44 type_id="opencv-matrix">
  <rows>4</rows>
  <cols>4</cols>
  <dt>d</dt>
  <data>
    9.7499438416821660e-01 -2.2179880770935417e-01
    -1.3828945699113290e-02 -1.3277497468146441e+03
    -1.0851663425281308e-02 1.4636413760242193e-02
    -9.9983399461767819e-01 5.6045171898154672e+02
    2.2196439408460200e-01 9.7498259691696432e-01 1.1863535211207948e-02
    1.8561541118640746e+03 0. 0. 0. 1.</data></R44>
<r44 type_id="opencv-matrix">
  <rows>4</rows>
  <cols>4</cols>
  <dt>d</dt>
  <data>
    9.7499438416821660e-01 -2.2179880770935417e-01
    -1.3828945699113290e-02 -1.3277497468146441e+03
    -1.0851663425281308e-02 1.4636413760242193e-02
    -9.9983399461767819e-01 5.6045171898154672e+02
    2.2196439408460200e-01 9.7498259691696432e-01 1.1863535211207948e-02
    1.8561541118640746e+03 0. 0. 0. 1.</data></r44>
<CamPosition type_id="opencv-matrix">
  <rows>1</rows>
  <cols>3</cols>
  <dt>d</dt>
  <data>
    8.8863025737800558e+02 -2.1124142702948748e+03
    5.1997675216542530e+02</data></CamPosition>
<campos type_id="opencv-matrix">
  <rows>1</rows>
  <cols>3</cols>
  <dt>d</dt>
  <data>
    8.8863025737800558e+02 -2.1124142702948748e+03
    5.1997675216542530e+02</data></campos>
</opencv_storage>
