<?xml version="1.0"?>
<opencv_storage>
<imageSize>
  1500 1000</imageSize>
<imgSize>
  1500 1000</imgSize>
<cameraMatrix type_id="opencv-matrix">
  <rows>3</rows>
  <cols>3</cols>
  <dt>d</dt>
  <data>
    1.1147473211155498e+03 0. 6.4376783679201151e+02 0.
    1.1000474237204162e+03 5.5781579428092630e+02 0. 0. 1.</data></cameraMatrix>
<cmat type_id="opencv-matrix">
  <rows>3</rows>
  <cols>3</cols>
  <dt>d</dt>
  <data>
    1.1147473211155498e+03 0. 6.4376783679201151e+02 0.
    1.1000474237204162e+03 5.5781579428092630e+02 0. 0. 1.</data></cmat>
<fx>1.1147473211155498e+03</fx>
<fy>1.1000474237204162e+03</fy>
<cx>6.4376783679201151e+02</cx>
<cy>5.5781579428092630e+02</cy>
<distortionVector type_id="opencv-matrix">
  <rows>1</rows>
  <cols>12</cols>
  <dt>d</dt>
  <data>
    3.6874140138319618e+00 -8.7866899365924525e+00
    7.0794772392653122e-03 -2.8151952194244477e-03 0.
    4.1542448463946853e+00 -9.5414228351515504e+00 0. 0. 0. 0. 0.</data></distortionVector>
<dvec type_id="opencv-matrix">
  <rows>1</rows>
  <cols>12</cols>
  <dt>d</dt>
  <data>
    3.6874140138319618e+00 -8.7866899365924525e+00
    7.0794772392653122e-03 -2.8151952194244477e-03 0.
    4.1542448463946853e+00 -9.5414228351515504e+00 0. 0. 0. 0. 0.</data></dvec>
<rvec type_id="opencv-matrix">
  <rows>1</rows>
  <cols>3</cols>
  <dt>d</dt>
  <data>
    1.5498555259842148e+00 -1.7457888939773969e-01
    1.6794192555034509e-01</data></rvec>
<tvec type_id="opencv-matrix">
  <rows>1</rows>
  <cols>3</cols>
  <dt>d</dt>
  <data>
    -6.9177418896416191e+02 7.2487560532478108e+02
    2.0129279056994515e+03</data></tvec>
<R44 type_id="opencv-matrix">
  <rows>4</rows>
  <cols>4</cols>
  <dt>d</dt>
  <data>
    9.7620317479268370e-01 -2.1678196178105938e-01
    -5.7395619205996007e-03 -6.9177418896416191e+02
    -2.6626830152933767e-03 1.4482846990174367e-02
    -9.9989157275287566e-01 7.2487560532478108e+02
    2.1684158190680392e-01 9.7611261040384800e-01 1.3560979564188476e-02
    2.0129279056994515e+03 0. 0. 0. 1.</data></R44>
<r44 type_id="opencv-matrix">
  <rows>4</rows>
  <cols>4</cols>
  <dt>d</dt>
  <data>
    9.7620317479268370e-01 -2.1678196178105938e-01
    -5.7395619205996007e-03 -6.9177418896416191e+02
    -2.6626830152933767e-03 1.4482846990174367e-02
    -9.9989157275287566e-01 7.2487560532478108e+02
    2.1684158190680392e-01 9.7611261040384800e-01 1.3560979564188476e-02
    2.0129279056994515e+03 0. 0. 0. 1.</data></r44>
<CamPosition type_id="opencv-matrix">
  <rows>1</rows>
  <cols>3</cols>
  <dt>d</dt>
  <data>
    2.4075580213272860e+02 -2.1253067408590236e+03
    6.9352925407238081e+02</data></CamPosition>
<campos type_id="opencv-matrix">
  <rows>1</rows>
  <cols>3</cols>
  <dt>d</dt>
  <data>
    2.4075580213272860e+02 -2.1253067408590236e+03
    6.9352925407238081e+02</data></campos>
</opencv_storage>
