<?xml version="1.0"?>
<opencv_storage>
<imageSize>
  1500 1000</imageSize>
<imgSize>
  1500 1000</imgSize>
<cameraMatrix type_id="opencv-matrix">
  <rows>3</rows>
  <cols>3</cols>
  <dt>d</dt>
  <data>
    1.2317173259863275e+03 0. 7.5394984297599615e+02 0.
    1.1978403858690065e+03 3.5184675113506808e+02 0. 0. 1.</data></cameraMatrix>
<cmat type_id="opencv-matrix">
  <rows>3</rows>
  <cols>3</cols>
  <dt>d</dt>
  <data>
    1.2317173259863275e+03 0. 7.5394984297599615e+02 0.
    1.1978403858690065e+03 3.5184675113506808e+02 0. 0. 1.</data></cmat>
<fx>1.2317173259863275e+03</fx>
<fy>1.1978403858690065e+03</fy>
<cx>7.5394984297599615e+02</cx>
<cy>3.5184675113506808e+02</cy>
<distortionVector type_id="opencv-matrix">
  <rows>1</rows>
  <cols>12</cols>
  <dt>d</dt>
  <data>
    1.0097004680981352e-01 2.9204278901363367e-01
    -4.0764709832835158e-02 2.8479734010130705e-02
    3.2299574963170881e+00 5.2537052579893218e-02 8.6692845014905784e-01
    2.6650664991437067e+00 -2.9705923822690515e-02
    -1.0746802185149324e-03 8.1903915485546083e-02
    -2.4991120315741501e-02</data></distortionVector>
<dvec type_id="opencv-matrix">
  <rows>1</rows>
  <cols>12</cols>
  <dt>d</dt>
  <data>
    1.0097004680981352e-01 2.9204278901363367e-01
    -4.0764709832835158e-02 2.8479734010130705e-02
    3.2299574963170881e+00 5.2537052579893218e-02 8.6692845014905784e-01
    2.6650664991437067e+00 -2.9705923822690515e-02
    -1.0746802185149324e-03 8.1903915485546083e-02
    -2.4991120315741501e-02</data></dvec>
<rvec type_id="opencv-matrix">
  <rows>1</rows>
  <cols>3</cols>
  <dt>d</dt>
  <data>
    1.3972155548203029e+00 -2.4646413774058060e-01
    2.7690806820225422e-01</data></rvec>
<tvec type_id="opencv-matrix">
  <rows>1</rows>
  <cols>3</cols>
  <dt>d</dt>
  <data>
    -8.9014154277099806e+02 1.0954382795442057e+03
    2.0698340274517936e+03</data></tvec>
<R44 type_id="opencv-matrix">
  <rows>4</rows>
  <cols>4</cols>
  <dt>d</dt>
  <data>
    9.4245076562396957e-01 -3.3426875865669581e-01
    -7.1380221984149173e-03 -8.9014154277099806e+02
    4.5846764088740610e-02 1.5035089762122356e-01
    -9.8756907697997687e-01 1.0954382795442057e+03
    3.3118669749460766e-01 9.3040797748654536e-01 1.5702345949574295e-01
    2.0698340274517936e+03 0. 0. 0. 1.</data></R44>
<r44 type_id="opencv-matrix">
  <rows>4</rows>
  <cols>4</cols>
  <dt>d</dt>
  <data>
    9.4245076562396957e-01 -3.3426875865669581e-01
    -7.1380221984149173e-03 -8.9014154277099806e+02
    4.5846764088740610e-02 1.5035089762122356e-01
    -9.8756907697997687e-01 1.0954382795442057e+03
    3.3118669749460766e-01 9.3040797748654536e-01 1.5702345949574295e-01
    2.0698340274517936e+03 0. 0. 0. 1.</data></r44>
<CamPosition type_id="opencv-matrix">
  <rows>1</rows>
  <cols>3</cols>
  <dt>d</dt>
  <data>
    1.0319078220846704e+02 -2.3880367283631913e+03
    7.5045462095348751e+02</data></CamPosition>
<campos type_id="opencv-matrix">
  <rows>1</rows>
  <cols>3</cols>
  <dt>d</dt>
  <data>
    1.0319078220846704e+02 -2.3880367283631913e+03
    7.5045462095348751e+02</data></campos>
</opencv_storage>
